$ANSIBLE_VAULT;1.1;AES256
32336530346430366334396337646137366234336638323239333438313834623964323738383461
3835646431303562383862323231326465366432383264620a653230326364343666616137346237
33306433643432303632636361393131323063363139336531306562303032353936366536623137
6332653533656637300a643330383162343937613834633063313230313339306433663139623533
61383861376337343931383936653566663733376533353138616661323537373365313366323462
34636465643663623637636534343362663261633437613863343666663534653261663662356637
66636335663062663237333232376638633131393631366361623139616664386531323633313337
34386461366163353762616134643033663032313863623561356161396232366563326533643865
34373730343635656436663162323338616131653930616437656462613262313963333130623563
36656365363864373737646233313533373533666261616366383366323931386661326562616465
62313861663138313031666565613839333863356238343761616139363630313833393831353235
37303936313633343533
